 temp-sweep      v(vtemp)       
 0.00000000e+00  2.57371961e-01 
 1.00000000e-01  2.57170276e-01 
 2.00000000e-01  2.56967671e-01 
 3.00000000e-01  2.56765504e-01 
 4.00000000e-01  2.56563323e-01 
 5.00000000e-01  2.56361128e-01 
 6.00000000e-01  2.56158918e-01 
 7.00000000e-01  2.55956693e-01 
 8.00000000e-01  2.55754454e-01 
 9.00000000e-01  2.55552201e-01 
 1.00000000e+00  2.55349933e-01 
 1.10000000e+00  2.55147650e-01 
 1.20000000e+00  2.54945352e-01 
 1.30000000e+00  2.54743040e-01 
 1.40000000e+00  2.54540713e-01 
 1.50000000e+00  2.54338371e-01 
 1.60000000e+00  2.54136015e-01 
 1.70000000e+00  2.53933643e-01 
 1.80000000e+00  2.53731257e-01 
 1.90000000e+00  2.53528856e-01 
 2.00000000e+00  2.53326439e-01 
 2.10000000e+00  2.53124008e-01 
 2.20000000e+00  2.52921562e-01 
 2.30000000e+00  2.52719101e-01 
 2.40000000e+00  2.52516625e-01 
 2.50000000e+00  2.52314134e-01 
 2.60000000e+00  2.52111627e-01 
 2.70000000e+00  2.51909106e-01 
 2.80000000e+00  2.51706569e-01 
 2.90000000e+00  2.51504017e-01 
 3.00000000e+00  2.51301450e-01 
 3.10000000e+00  2.51098868e-01 
 3.20000000e+00  2.50896270e-01 
 3.30000000e+00  2.50693657e-01 
 3.40000000e+00  2.50491029e-01 
 3.50000000e+00  2.50288386e-01 
 3.60000000e+00  2.50085727e-01 
 3.70000000e+00  2.49883053e-01 
 3.80000000e+00  2.49680363e-01 
 3.90000000e+00  2.49477658e-01 
 4.00000000e+00  2.49274938e-01 
 4.10000000e+00  2.49072202e-01 
 4.20000000e+00  2.48869450e-01 
 4.30000000e+00  2.48666683e-01 
 4.40000000e+00  2.48463901e-01 
 4.50000000e+00  2.48261103e-01 
 4.60000000e+00  2.48058289e-01 
 4.70000000e+00  2.47855460e-01 
 4.80000000e+00  2.47652616e-01 
 4.90000000e+00  2.47449755e-01 
 5.00000000e+00  2.47246879e-01 
 5.10000000e+00  2.47043988e-01 
 5.20000000e+00  2.46841080e-01 
 5.30000000e+00  2.46638157e-01 
 5.40000000e+00  2.46435219e-01 
 5.50000000e+00  2.46232264e-01 
 5.60000000e+00  2.46029294e-01 
 5.70000000e+00  2.45826309e-01 
 5.80000000e+00  2.45623307e-01 
 5.90000000e+00  2.45420290e-01 
 6.00000000e+00  2.45217257e-01 
 6.10000000e+00  2.45014208e-01 
 6.20000000e+00  2.44811143e-01 
 6.30000000e+00  2.44608063e-01 
 6.40000000e+00  2.44404967e-01 
 6.50000000e+00  2.44201855e-01 
 6.60000000e+00  2.43998727e-01 
 6.70000000e+00  2.43795583e-01 
 6.80000000e+00  2.43592423e-01 
 6.90000000e+00  2.43389248e-01 
 7.00000000e+00  2.43186057e-01 
 7.10000000e+00  2.42982850e-01 
 7.20000000e+00  2.42779627e-01 
 7.30000000e+00  2.42576388e-01 
 7.40000000e+00  2.42373133e-01 
 7.50000000e+00  2.42169862e-01 
 7.60000000e+00  2.41966576e-01 
 7.70000000e+00  2.41763273e-01 
 7.80000000e+00  2.41559955e-01 
 7.90000000e+00  2.41356621e-01 
 8.00000000e+00  2.41153271e-01 
 8.10000000e+00  2.40949905e-01 
 8.20000000e+00  2.40746523e-01 
 8.30000000e+00  2.40543125e-01 
 8.40000000e+00  2.40339711e-01 
 8.50000000e+00  2.40136282e-01 
 8.60000000e+00  2.39932836e-01 
 8.70000000e+00  2.39729375e-01 
 8.80000000e+00  2.39525898e-01 
 8.90000000e+00  2.39322404e-01 
 9.00000000e+00  2.39118895e-01 
 9.10000000e+00  2.38915371e-01 
 9.20000000e+00  2.38711830e-01 
 9.30000000e+00  2.38508273e-01 
 9.40000000e+00  2.38304701e-01 
 9.50000000e+00  2.38101112e-01 
 9.60000000e+00  2.37897508e-01 
 9.70000000e+00  2.37693888e-01 
 9.80000000e+00  2.37490252e-01 
 9.90000000e+00  2.37286601e-01 
 1.00000000e+01  2.37082933e-01 
 1.01000000e+01  2.36879250e-01 
 1.02000000e+01  2.36675551e-01 
 1.03000000e+01  2.36471836e-01 
 1.04000000e+01  2.36268106e-01 
 1.05000000e+01  2.36064359e-01 
 1.06000000e+01  2.35860597e-01 
 1.07000000e+01  2.35656819e-01 
 1.08000000e+01  2.35453026e-01 
 1.09000000e+01  2.35249217e-01 
 1.10000000e+01  2.35045392e-01 
 1.11000000e+01  2.34841552e-01 
 1.12000000e+01  2.34637696e-01 
 1.13000000e+01  2.34433824e-01 
 1.14000000e+01  2.34229937e-01 
 1.15000000e+01  2.34026034e-01 
 1.16000000e+01  2.33822115e-01 
 1.17000000e+01  2.33618181e-01 
 1.18000000e+01  2.33414232e-01 
 1.19000000e+01  2.33210267e-01 
 1.20000000e+01  2.33006286e-01 
 1.21000000e+01  2.32802291e-01 
 1.22000000e+01  2.32598279e-01 
 1.23000000e+01  2.32394253e-01 
 1.24000000e+01  2.32190211e-01 
 1.25000000e+01  2.31986153e-01 
 1.26000000e+01  2.31782080e-01 
 1.27000000e+01  2.31577992e-01 
 1.28000000e+01  2.31373889e-01 
 1.29000000e+01  2.31169771e-01 
 1.30000000e+01  2.30965637e-01 
 1.31000000e+01  2.30761488e-01 
 1.32000000e+01  2.30557324e-01 
 1.33000000e+01  2.30353145e-01 
 1.34000000e+01  2.30148951e-01 
 1.35000000e+01  2.29944742e-01 
 1.36000000e+01  2.29740518e-01 
 1.37000000e+01  2.29536279e-01 
 1.38000000e+01  2.29332025e-01 
 1.39000000e+01  2.29127756e-01 
 1.40000000e+01  2.28923472e-01 
 1.41000000e+01  2.28719174e-01 
 1.42000000e+01  2.28514860e-01 
 1.43000000e+01  2.28310532e-01 
 1.44000000e+01  2.28106190e-01 
 1.45000000e+01  2.27901832e-01 
 1.46000000e+01  2.27697460e-01 
 1.47000000e+01  2.27493074e-01 
 1.48000000e+01  2.27288673e-01 
 1.49000000e+01  2.27084257e-01 
 1.50000000e+01  2.26879827e-01 
 1.51000000e+01  2.26675383e-01 
 1.52000000e+01  2.26470924e-01 
 1.53000000e+01  2.26266452e-01 
 1.54000000e+01  2.26061964e-01 
 1.55000000e+01  2.25857463e-01 
 1.56000000e+01  2.25652948e-01 
 1.57000000e+01  2.25448418e-01 
 1.58000000e+01  2.25243875e-01 
 1.59000000e+01  2.25039318e-01 
 1.60000000e+01  2.24834746e-01 
 1.61000000e+01  2.24630161e-01 
 1.62000000e+01  2.24425562e-01 
 1.63000000e+01  2.24220950e-01 
 1.64000000e+01  2.24016323e-01 
 1.65000000e+01  2.23811683e-01 
 1.66000000e+01  2.23607030e-01 
 1.67000000e+01  2.23402363e-01 
 1.68000000e+01  2.23197683e-01 
 1.69000000e+01  2.22992989e-01 
 1.70000000e+01  2.22788282e-01 
 1.71000000e+01  2.22583562e-01 
 1.72000000e+01  2.22378828e-01 
 1.73000000e+01  2.22174082e-01 
 1.74000000e+01  2.21969323e-01 
 1.75000000e+01  2.21764550e-01 
 1.76000000e+01  2.21559765e-01 
 1.77000000e+01  2.21354967e-01 
 1.78000000e+01  2.21150156e-01 
 1.79000000e+01  2.20945333e-01 
 1.80000000e+01  2.20740497e-01 
 1.81000000e+01  2.20535648e-01 
 1.82000000e+01  2.20330788e-01 
 1.83000000e+01  2.20125914e-01 
 1.84000000e+01  2.19921029e-01 
 1.85000000e+01  2.19716131e-01 
 1.86000000e+01  2.19511222e-01 
 1.87000000e+01  2.19306300e-01 
 1.88000000e+01  2.19101366e-01 
 1.89000000e+01  2.18896421e-01 
 1.90000000e+01  2.18691464e-01 
 1.91000000e+01  2.18486495e-01 
 1.92000000e+01  2.18281515e-01 
 1.93000000e+01  2.18076523e-01 
 1.94000000e+01  2.17871520e-01 
 1.95000000e+01  2.17666505e-01 
 1.96000000e+01  2.17461480e-01 
 1.97000000e+01  2.17256443e-01 
 1.98000000e+01  2.17051395e-01 
 1.99000000e+01  2.16846337e-01 
 2.00000000e+01  2.16641267e-01 
 2.01000000e+01  2.16436187e-01 
 2.02000000e+01  2.16231097e-01 
 2.03000000e+01  2.16025996e-01 
 2.04000000e+01  2.15820884e-01 
 2.05000000e+01  2.15615763e-01 
 2.06000000e+01  2.15410631e-01 
 2.07000000e+01  2.15205489e-01 
 2.08000000e+01  2.15000338e-01 
 2.09000000e+01  2.14795176e-01 
 2.10000000e+01  2.14590005e-01 
 2.11000000e+01  2.14384824e-01 
 2.12000000e+01  2.14179634e-01 
 2.13000000e+01  2.13974434e-01 
 2.14000000e+01  2.13769226e-01 
 2.15000000e+01  2.13564008e-01 
 2.16000000e+01  2.13358781e-01 
 2.17000000e+01  2.13153546e-01 
 2.18000000e+01  2.12948301e-01 
 2.19000000e+01  2.12743049e-01 
 2.20000000e+01  2.12537787e-01 
 2.21000000e+01  2.12332518e-01 
 2.22000000e+01  2.12127240e-01 
 2.23000000e+01  2.11921954e-01 
 2.24000000e+01  2.11716661e-01 
 2.25000000e+01  2.11511359e-01 
 2.26000000e+01  2.11306050e-01 
 2.27000000e+01  2.11100734e-01 
 2.28000000e+01  2.10895410e-01 
 2.29000000e+01  2.10690079e-01 
 2.30000000e+01  2.10484741e-01 
 2.31000000e+01  2.10279396e-01 
 2.32000000e+01  2.10074044e-01 
 2.33000000e+01  2.09868686e-01 
 2.34000000e+01  2.09663322e-01 
 2.35000000e+01  2.09457951e-01 
 2.36000000e+01  2.09252574e-01 
 2.37000000e+01  2.09047191e-01 
 2.38000000e+01  2.08841802e-01 
 2.39000000e+01  2.08636408e-01 
 2.40000000e+01  2.08431009e-01 
 2.41000000e+01  2.08225604e-01 
 2.42000000e+01  2.08020194e-01 
 2.43000000e+01  2.07814779e-01 
 2.44000000e+01  2.07609359e-01 
 2.45000000e+01  2.07403935e-01 
 2.46000000e+01  2.07198507e-01 
 2.47000000e+01  2.06993074e-01 
 2.48000000e+01  2.06787637e-01 
 2.49000000e+01  2.06582197e-01 
 2.50000000e+01  2.06376753e-01 
 2.51000000e+01  2.06171305e-01 
 2.52000000e+01  2.05965854e-01 
 2.53000000e+01  2.05760401e-01 
 2.54000000e+01  2.05554944e-01 
 2.55000000e+01  2.05349485e-01 
 2.56000000e+01  2.05144023e-01 
 2.57000000e+01  2.04938559e-01 
 2.58000000e+01  2.04733093e-01 
 2.59000000e+01  2.04527625e-01 
 2.60000000e+01  2.04322156e-01 
 2.61000000e+01  2.04116685e-01 
 2.62000000e+01  2.03911213e-01 
 2.63000000e+01  2.03705740e-01 
 2.64000000e+01  2.03500266e-01 
 2.65000000e+01  2.03294792e-01 
 2.66000000e+01  2.03089318e-01 
 2.67000000e+01  2.02883844e-01 
 2.68000000e+01  2.02678369e-01 
 2.69000000e+01  2.02472896e-01 
 2.70000000e+01  2.02267423e-01 
 2.71000000e+01  2.02061951e-01 
 2.72000000e+01  2.01856480e-01 
 2.73000000e+01  2.01651010e-01 
 2.74000000e+01  2.01445542e-01 
 2.75000000e+01  2.01240076e-01 
 2.76000000e+01  2.01034613e-01 
 2.77000000e+01  2.00829151e-01 
 2.78000000e+01  2.00623693e-01 
 2.79000000e+01  2.00418237e-01 
 2.80000000e+01  2.00212785e-01 
 2.81000000e+01  2.00007336e-01 
 2.82000000e+01  1.99801891e-01 
 2.83000000e+01  1.99596450e-01 
 2.84000000e+01  1.99391013e-01 
 2.85000000e+01  1.99185581e-01 
 2.86000000e+01  1.98980154e-01 
 2.87000000e+01  1.98774732e-01 
 2.88000000e+01  1.98569316e-01 
 2.89000000e+01  1.98363905e-01 
 2.90000000e+01  1.98158501e-01 
 2.91000000e+01  1.97953103e-01 
 2.92000000e+01  1.97747712e-01 
 2.93000000e+01  1.97542327e-01 
 2.94000000e+01  1.97336951e-01 
 2.95000000e+01  1.97131581e-01 
 2.96000000e+01  1.96926220e-01 
 2.97000000e+01  1.96720867e-01 
 2.98000000e+01  1.96515523e-01 
 2.99000000e+01  1.96310188e-01 
 3.00000000e+01  1.96104862e-01 
 3.01000000e+01  1.95899546e-01 
 3.02000000e+01  1.95694239e-01 
 3.03000000e+01  1.95488944e-01 
 3.04000000e+01  1.95283658e-01 
 3.05000000e+01  1.95078384e-01 
 3.06000000e+01  1.94873122e-01 
 3.07000000e+01  1.94667871e-01 
 3.08000000e+01  1.94462632e-01 
 3.09000000e+01  1.94257406e-01 
 3.10000000e+01  1.94052193e-01 
 3.11000000e+01  1.93846993e-01 
 3.12000000e+01  1.93641807e-01 
 3.13000000e+01  1.93436635e-01 
 3.14000000e+01  1.93231477e-01 
 3.15000000e+01  1.93026335e-01 
 3.16000000e+01  1.92821207e-01 
 3.17000000e+01  1.92616096e-01 
 3.18000000e+01  1.92411000e-01 
 3.19000000e+01  1.92205921e-01 
 3.20000000e+01  1.92000859e-01 
 3.21000000e+01  1.91795814e-01 
 3.22000000e+01  1.91590787e-01 
 3.23000000e+01  1.91385778e-01 
 3.24000000e+01  1.91180788e-01 
 3.25000000e+01  1.90975817e-01 
 3.26000000e+01  1.90770866e-01 
 3.27000000e+01  1.90565935e-01 
 3.28000000e+01  1.90361024e-01 
 3.29000000e+01  1.90156134e-01 
 3.30000000e+01  1.89951266e-01 
 3.31000000e+01  1.89746420e-01 
 3.32000000e+01  1.89541595e-01 
 3.33000000e+01  1.89336794e-01 
 3.34000000e+01  1.89132017e-01 
 3.35000000e+01  1.88927263e-01 
 3.36000000e+01  1.88722533e-01 
 3.37000000e+01  1.88517829e-01 
 3.38000000e+01  1.88313149e-01 
 3.39000000e+01  1.88108496e-01 
 3.40000000e+01  1.87903869e-01 
 3.41000000e+01  1.87699270e-01 
 3.42000000e+01  1.87494697e-01 
 3.43000000e+01  1.87290153e-01 
 3.44000000e+01  1.87085637e-01 
 3.45000000e+01  1.86881151e-01 
 3.46000000e+01  1.86676694e-01 
 3.47000000e+01  1.86472268e-01 
 3.48000000e+01  1.86267872e-01 
 3.49000000e+01  1.86063508e-01 
 3.50000000e+01  1.85859176e-01 
 3.51000000e+01  1.85654877e-01 
 3.52000000e+01  1.85450610e-01 
 3.53000000e+01  1.85246378e-01 
 3.54000000e+01  1.85042180e-01 
 3.55000000e+01  1.84838017e-01 
 3.56000000e+01  1.84633890e-01 
 3.57000000e+01  1.84429799e-01 
 3.58000000e+01  1.84225745e-01 
 3.59000000e+01  1.84021729e-01 
 3.60000000e+01  1.83817751e-01 
 3.61000000e+01  1.83613812e-01 
 3.62000000e+01  1.83409912e-01 
 3.63000000e+01  1.83206053e-01 
 3.64000000e+01  1.83002234e-01 
 3.65000000e+01  1.82798457e-01 
 3.66000000e+01  1.82594723e-01 
 3.67000000e+01  1.82391031e-01 
 3.68000000e+01  1.82187383e-01 
 3.69000000e+01  1.81983780e-01 
 3.70000000e+01  1.81780221e-01 
 3.71000000e+01  1.81576709e-01 
 3.72000000e+01  1.81373243e-01 
 3.73000000e+01  1.81169824e-01 
 3.74000000e+01  1.80966454e-01 
 3.75000000e+01  1.80763132e-01 
 3.76000000e+01  1.80559860e-01 
 3.77000000e+01  1.80356639e-01 
 3.78000000e+01  1.80153468e-01 
 3.79000000e+01  1.79950350e-01 
 3.80000000e+01  1.79747284e-01 
 3.81000000e+01  1.79544272e-01 
 3.82000000e+01  1.79341314e-01 
 3.83000000e+01  1.79138411e-01 
 3.84000000e+01  1.78935565e-01 
 3.85000000e+01  1.78732775e-01 
 3.86000000e+01  1.78530043e-01 
 3.87000000e+01  1.78327369e-01 
 3.88000000e+01  1.78124755e-01 
 3.89000000e+01  1.77922202e-01 
 3.90000000e+01  1.77719709e-01 
 3.91000000e+01  1.77517278e-01 
 3.92000000e+01  1.77314911e-01 
 3.93000000e+01  1.77112607e-01 
 3.94000000e+01  1.76910368e-01 
 3.95000000e+01  1.76708194e-01 
 3.96000000e+01  1.76506088e-01 
 3.97000000e+01  1.76304049e-01 
 3.98000000e+01  1.76102078e-01 
 3.99000000e+01  1.75900177e-01 
 4.00000000e+01  1.75698346e-01 
 4.01000000e+01  1.75496586e-01 
 4.02000000e+01  1.75294899e-01 
 4.03000000e+01  1.75093285e-01 
 4.04000000e+01  1.74891746e-01 
 4.05000000e+01  1.74690282e-01 
 4.06000000e+01  1.74488894e-01 
 4.07000000e+01  1.74287584e-01 
 4.08000000e+01  1.74086352e-01 
 4.09000000e+01  1.73885200e-01 
 4.10000000e+01  1.73684128e-01 
 4.11000000e+01  1.73483137e-01 
 4.12000000e+01  1.73282230e-01 
 4.13000000e+01  1.73081406e-01 
 4.14000000e+01  1.72880667e-01 
 4.15000000e+01  1.72680014e-01 
 4.16000000e+01  1.72479447e-01 
 4.17000000e+01  1.72278969e-01 
 4.18000000e+01  1.72078581e-01 
 4.19000000e+01  1.71878282e-01 
 4.20000000e+01  1.71678076e-01 
 4.21000000e+01  1.71477961e-01 
 4.22000000e+01  1.71277941e-01 
 4.23000000e+01  1.71078016e-01 
 4.24000000e+01  1.70878187e-01 
 4.25000000e+01  1.70678455e-01 
 4.26000000e+01  1.70478822e-01 
 4.27000000e+01  1.70279289e-01 
 4.28000000e+01  1.70079856e-01 
 4.29000000e+01  1.69880526e-01 
 4.30000000e+01  1.69681299e-01 
 4.31000000e+01  1.69482177e-01 
 4.32000000e+01  1.69283161e-01 
 4.33000000e+01  1.69084252e-01 
 4.34000000e+01  1.68885452e-01 
 4.35000000e+01  1.68686761e-01 
 4.36000000e+01  1.68488182e-01 
 4.37000000e+01  1.68289714e-01 
 4.38000000e+01  1.68091360e-01 
 4.39000000e+01  1.67893122e-01 
 4.40000000e+01  1.67694999e-01 
 4.41000000e+01  1.67496994e-01 
 4.42000000e+01  1.67299108e-01 
 4.43000000e+01  1.67101342e-01 
 4.44000000e+01  1.66903698e-01 
 4.45000000e+01  1.66706177e-01 
 4.46000000e+01  1.66508780e-01 
 4.47000000e+01  1.66311508e-01 
 4.48000000e+01  1.66114364e-01 
 4.49000000e+01  1.65917349e-01 
 4.50000000e+01  1.65720463e-01 
 4.51000000e+01  1.65523708e-01 
 4.52000000e+01  1.65327086e-01 
 4.53000000e+01  1.65130599e-01 
 4.54000000e+01  1.64934246e-01 
 4.55000000e+01  1.64738031e-01 
 4.56000000e+01  1.64541954e-01 
 4.57000000e+01  1.64346017e-01 
 4.58000000e+01  1.64150222e-01 
 4.59000000e+01  1.63954569e-01 
 4.60000000e+01  1.63759060e-01 
 4.61000000e+01  1.63563698e-01 
 4.62000000e+01  1.63368482e-01 
 4.63000000e+01  1.63173415e-01 
 4.64000000e+01  1.62978498e-01 
 4.65000000e+01  1.62783733e-01 
 4.66000000e+01  1.62589122e-01 
 4.67000000e+01  1.62394664e-01 
 4.68000000e+01  1.62200364e-01 
 4.69000000e+01  1.62006220e-01 
 4.70000000e+01  1.61812237e-01 
 4.71000000e+01  1.61618414e-01 
 4.72000000e+01  1.61424753e-01 
 4.73000000e+01  1.61231256e-01 
 4.74000000e+01  1.61037925e-01 
 4.75000000e+01  1.60844760e-01 
 4.76000000e+01  1.60651764e-01 
 4.77000000e+01  1.60458938e-01 
 4.78000000e+01  1.60266284e-01 
 4.79000000e+01  1.60073803e-01 
 4.80000000e+01  1.59881497e-01 
 4.81000000e+01  1.59689367e-01 
 4.82000000e+01  1.59497415e-01 
 4.83000000e+01  1.59305642e-01 
 4.84000000e+01  1.59114050e-01 
 4.85000000e+01  1.58922642e-01 
 4.86000000e+01  1.58731417e-01 
 4.87000000e+01  1.58540378e-01 
 4.88000000e+01  1.58349526e-01 
 4.89000000e+01  1.58158863e-01 
 4.90000000e+01  1.57968391e-01 
 4.91000000e+01  1.57778111e-01 
 4.92000000e+01  1.57588024e-01 
 4.93000000e+01  1.57398133e-01 
 4.94000000e+01  1.57208439e-01 
 4.95000000e+01  1.57018943e-01 
 4.96000000e+01  1.56829647e-01 
 4.97000000e+01  1.56640552e-01 
 4.98000000e+01  1.56451661e-01 
 4.99000000e+01  1.56262974e-01 
 5.00000000e+01  1.56074494e-01 
 5.01000000e+01  1.55886222e-01 
 5.02000000e+01  1.55698158e-01 
 5.03000000e+01  1.55510306e-01 
 5.04000000e+01  1.55322667e-01 
 5.05000000e+01  1.55135241e-01 
 5.06000000e+01  1.54948032e-01 
 5.07000000e+01  1.54761039e-01 
 5.08000000e+01  1.54574265e-01 
 5.09000000e+01  1.54387712e-01 
 5.10000000e+01  1.54201380e-01 
 5.11000000e+01  1.54015271e-01 
 5.12000000e+01  1.53829388e-01 
 5.13000000e+01  1.53643731e-01 
 5.14000000e+01  1.53458302e-01 
 5.15000000e+01  1.53273102e-01 
 5.16000000e+01  1.53088133e-01 
 5.17000000e+01  1.52903396e-01 
 5.18000000e+01  1.52718894e-01 
 5.19000000e+01  1.52534626e-01 
 5.20000000e+01  1.52350596e-01 
 5.21000000e+01  1.52166804e-01 
 5.22000000e+01  1.51983251e-01 
 5.23000000e+01  1.51799940e-01 
 5.24000000e+01  1.51616871e-01 
 5.25000000e+01  1.51434047e-01 
 5.26000000e+01  1.51251468e-01 
 5.27000000e+01  1.51069136e-01 
 5.28000000e+01  1.50887052e-01 
 5.29000000e+01  1.50705217e-01 
 5.30000000e+01  1.50523634e-01 
 5.31000000e+01  1.50342303e-01 
 5.32000000e+01  1.50161226e-01 
 5.33000000e+01  1.49980404e-01 
 5.34000000e+01  1.49799838e-01 
 5.35000000e+01  1.49619530e-01 
 5.36000000e+01  1.49439481e-01 
 5.37000000e+01  1.49259693e-01 
 5.38000000e+01  1.49080166e-01 
 5.39000000e+01  1.48900902e-01 
 5.40000000e+01  1.48721902e-01 
 5.41000000e+01  1.48543167e-01 
 5.42000000e+01  1.48364699e-01 
 5.43000000e+01  1.48186499e-01 
 5.44000000e+01  1.48008568e-01 
 5.45000000e+01  1.47830907e-01 
 5.46000000e+01  1.47653517e-01 
 5.47000000e+01  1.47476400e-01 
 5.48000000e+01  1.47299557e-01 
 5.49000000e+01  1.47122988e-01 
 5.50000000e+01  1.46946696e-01 
 5.51000000e+01  1.46770680e-01 
 5.52000000e+01  1.46594942e-01 
 5.53000000e+01  1.46419484e-01 
 5.54000000e+01  1.46244305e-01 
 5.55000000e+01  1.46069408e-01 
 5.56000000e+01  1.45894794e-01 
 5.57000000e+01  1.45720462e-01 
 5.58000000e+01  1.45546414e-01 
 5.59000000e+01  1.45372652e-01 
 5.60000000e+01  1.45199176e-01 
 5.61000000e+01  1.45025987e-01 
 5.62000000e+01  1.44853086e-01 
 5.63000000e+01  1.44680474e-01 
 5.64000000e+01  1.44508151e-01 
 5.65000000e+01  1.44336119e-01 
 5.66000000e+01  1.44164379e-01 
 5.67000000e+01  1.43992931e-01 
 5.68000000e+01  1.43821775e-01 
 5.69000000e+01  1.43650914e-01 
 5.70000000e+01  1.43480348e-01 
 5.71000000e+01  1.43310077e-01 
 5.72000000e+01  1.43140102e-01 
 5.73000000e+01  1.42970423e-01 
 5.74000000e+01  1.42801043e-01 
 5.75000000e+01  1.42631961e-01 
 5.76000000e+01  1.42463177e-01 
 5.77000000e+01  1.42294693e-01 
 5.78000000e+01  1.42126510e-01 
 5.79000000e+01  1.41958627e-01 
 5.80000000e+01  1.41791045e-01 
 5.81000000e+01  1.41623766e-01 
 5.82000000e+01  1.41456789e-01 
 5.83000000e+01  1.41290115e-01 
 5.84000000e+01  1.41123745e-01 
 5.85000000e+01  1.40957678e-01 
 5.86000000e+01  1.40791917e-01 
 5.87000000e+01  1.40626460e-01 
 5.88000000e+01  1.40461309e-01 
 5.89000000e+01  1.40296464e-01 
 5.90000000e+01  1.40131925e-01 
 5.91000000e+01  1.39967693e-01 
 5.92000000e+01  1.39803767e-01 
 5.93000000e+01  1.39640150e-01 
 5.94000000e+01  1.39476840e-01 
 5.95000000e+01  1.39313838e-01 
 5.96000000e+01  1.39151144e-01 
 5.97000000e+01  1.38988760e-01 
 5.98000000e+01  1.38826684e-01 
 5.99000000e+01  1.38664917e-01 
 6.00000000e+01  1.38503460e-01 
 6.01000000e+01  1.38342313e-01 
 6.02000000e+01  1.38181475e-01 
 6.03000000e+01  1.38020947e-01 
 6.04000000e+01  1.37860730e-01 
 6.05000000e+01  1.37700823e-01 
 6.06000000e+01  1.37541227e-01 
 6.07000000e+01  1.37381941e-01 
 6.08000000e+01  1.37222965e-01 
 6.09000000e+01  1.37064301e-01 
 6.10000000e+01  1.36905947e-01 
 6.11000000e+01  1.36747905e-01 
 6.12000000e+01  1.36590173e-01 
 6.13000000e+01  1.36432752e-01 
 6.14000000e+01  1.36275642e-01 
 6.15000000e+01  1.36118844e-01 
 6.16000000e+01  1.35962356e-01 
 6.17000000e+01  1.35806179e-01 
 6.18000000e+01  1.35650312e-01 
 6.19000000e+01  1.35494757e-01 
 6.20000000e+01  1.35339512e-01 
 6.21000000e+01  1.35184578e-01 
 6.22000000e+01  1.35029954e-01 
 6.23000000e+01  1.34875641e-01 
 6.24000000e+01  1.34721638e-01 
 6.25000000e+01  1.34567944e-01 
 6.26000000e+01  1.34414561e-01 
 6.27000000e+01  1.34261487e-01 
 6.28000000e+01  1.34108723e-01 
 6.29000000e+01  1.33956268e-01 
 6.30000000e+01  1.33804122e-01 
 6.31000000e+01  1.33652285e-01 
 6.32000000e+01  1.33500756e-01 
 6.33000000e+01  1.33349536e-01 
 6.34000000e+01  1.33198624e-01 
 6.35000000e+01  1.33048019e-01 
 6.36000000e+01  1.32897722e-01 
 6.37000000e+01  1.32747732e-01 
 6.38000000e+01  1.32598048e-01 
 6.39000000e+01  1.32448672e-01 
 6.40000000e+01  1.32299601e-01 
 6.41000000e+01  1.32150836e-01 
 6.42000000e+01  1.32002377e-01 
 6.43000000e+01  1.31854222e-01 
 6.44000000e+01  1.31706372e-01 
 6.45000000e+01  1.31558826e-01 
 6.46000000e+01  1.31411585e-01 
 6.47000000e+01  1.31264646e-01 
 6.48000000e+01  1.31118011e-01 
 6.49000000e+01  1.30971678e-01 
 6.50000000e+01  1.30825647e-01 
 6.51000000e+01  1.30679918e-01 
 6.52000000e+01  1.30534490e-01 
 6.53000000e+01  1.30389362e-01 
 6.54000000e+01  1.30244535e-01 
 6.55000000e+01  1.30100008e-01 
 6.56000000e+01  1.29955779e-01 
 6.57000000e+01  1.29811850e-01 
 6.58000000e+01  1.29668219e-01 
 6.59000000e+01  1.29524885e-01 
 6.60000000e+01  1.29381848e-01 
 6.61000000e+01  1.29239108e-01 
 6.62000000e+01  1.29096665e-01 
 6.63000000e+01  1.28954516e-01 
 6.64000000e+01  1.28812663e-01 
 6.65000000e+01  1.28671104e-01 
 6.66000000e+01  1.28529838e-01 
 6.67000000e+01  1.28388866e-01 
 6.68000000e+01  1.28248187e-01 
 6.69000000e+01  1.28107799e-01 
 6.70000000e+01  1.27967703e-01 
 6.71000000e+01  1.27827898e-01 
 6.72000000e+01  1.27688383e-01 
 6.73000000e+01  1.27549157e-01 
 6.74000000e+01  1.27410221e-01 
 6.75000000e+01  1.27271572e-01 
 6.76000000e+01  1.27133212e-01 
 6.77000000e+01  1.26995138e-01 
 6.78000000e+01  1.26857351e-01 
 6.79000000e+01  1.26719850e-01 
 6.80000000e+01  1.26582634e-01 
 6.81000000e+01  1.26445702e-01 
 6.82000000e+01  1.26309054e-01 
 6.83000000e+01  1.26172689e-01 
 6.84000000e+01  1.26036607e-01 
 6.85000000e+01  1.25900806e-01 
 6.86000000e+01  1.25765286e-01 
 6.87000000e+01  1.25630047e-01 
 6.88000000e+01  1.25495088e-01 
 6.89000000e+01  1.25360407e-01 
 6.90000000e+01  1.25226005e-01 
 6.91000000e+01  1.25091880e-01 
 6.92000000e+01  1.24958033e-01 
 6.93000000e+01  1.24824461e-01 
 6.94000000e+01  1.24691166e-01 
 6.95000000e+01  1.24558144e-01 
 6.96000000e+01  1.24425398e-01 
 6.97000000e+01  1.24292924e-01 
 6.98000000e+01  1.24160723e-01 
 6.99000000e+01  1.24028794e-01 
 7.00000000e+01  1.23897136e-01 
 7.01000000e+01  1.23765749e-01 
 7.02000000e+01  1.23634631e-01 
 7.03000000e+01  1.23503783e-01 
 7.04000000e+01  1.23373203e-01 
 7.05000000e+01  1.23242890e-01 
 7.06000000e+01  1.23112845e-01 
 7.07000000e+01  1.22983065e-01 
 7.08000000e+01  1.22853551e-01 
 7.09000000e+01  1.22724301e-01 
 7.10000000e+01  1.22595316e-01 
 7.11000000e+01  1.22466593e-01 
 7.12000000e+01  1.22338133e-01 
 7.13000000e+01  1.22209935e-01 
 7.14000000e+01  1.22081997e-01 
 7.15000000e+01  1.21954320e-01 
 7.16000000e+01  1.21826902e-01 
 7.17000000e+01  1.21699743e-01 
 7.18000000e+01  1.21572842e-01 
 7.19000000e+01  1.21446198e-01 
 7.20000000e+01  1.21319810e-01 
 7.21000000e+01  1.21193678e-01 
 7.22000000e+01  1.21067801e-01 
 7.23000000e+01  1.20942179e-01 
 7.24000000e+01  1.20816810e-01 
 7.25000000e+01  1.20691693e-01 
 7.26000000e+01  1.20566829e-01 
 7.27000000e+01  1.20442215e-01 
 7.28000000e+01  1.20317853e-01 
 7.29000000e+01  1.20193740e-01 
 7.30000000e+01  1.20069875e-01 
 7.31000000e+01  1.19946260e-01 
 7.32000000e+01  1.19822891e-01 
 7.33000000e+01  1.19699770e-01 
 7.34000000e+01  1.19576894e-01 
 7.35000000e+01  1.19454263e-01 
 7.36000000e+01  1.19331877e-01 
 7.37000000e+01  1.19209735e-01 
 7.38000000e+01  1.19087836e-01 
 7.39000000e+01  1.18966179e-01 
 7.40000000e+01  1.18844764e-01 
 7.41000000e+01  1.18723589e-01 
 7.42000000e+01  1.18602654e-01 
 7.43000000e+01  1.18481959e-01 
 7.44000000e+01  1.18361502e-01 
 7.45000000e+01  1.18241283e-01 
 7.46000000e+01  1.18121301e-01 
 7.47000000e+01  1.18001556e-01 
 7.48000000e+01  1.17882046e-01 
 7.49000000e+01  1.17762770e-01 
 7.50000000e+01  1.17643729e-01 
 7.51000000e+01  1.17524922e-01 
 7.52000000e+01  1.17406347e-01 
 7.53000000e+01  1.17288004e-01 
 7.54000000e+01  1.17169892e-01 
 7.55000000e+01  1.17052011e-01 
 7.56000000e+01  1.16934359e-01 
 7.57000000e+01  1.16816937e-01 
 7.58000000e+01  1.16699742e-01 
 7.59000000e+01  1.16582776e-01 
 7.60000000e+01  1.16466036e-01 
 7.61000000e+01  1.16349522e-01 
 7.62000000e+01  1.16233234e-01 
 7.63000000e+01  1.16117171e-01 
 7.64000000e+01  1.16001331e-01 
 7.65000000e+01  1.15885715e-01 
 7.66000000e+01  1.15770321e-01 
 7.67000000e+01  1.15655149e-01 
 7.68000000e+01  1.15540199e-01 
 7.69000000e+01  1.15425469e-01 
 7.70000000e+01  1.15310958e-01 
 7.71000000e+01  1.15196667e-01 
 7.72000000e+01  1.15082594e-01 
 7.73000000e+01  1.14968739e-01 
 7.74000000e+01  1.14855100e-01 
 7.75000000e+01  1.14741678e-01 
 7.76000000e+01  1.14628471e-01 
 7.77000000e+01  1.14515480e-01 
 7.78000000e+01  1.14402702e-01 
 7.79000000e+01  1.14290138e-01 
 7.80000000e+01  1.14177787e-01 
 7.81000000e+01  1.14065648e-01 
 7.82000000e+01  1.13953720e-01 
 7.83000000e+01  1.13842003e-01 
 7.84000000e+01  1.13730497e-01 
 7.85000000e+01  1.13619199e-01 
 7.86000000e+01  1.13508111e-01 
 7.87000000e+01  1.13397230e-01 
 7.88000000e+01  1.13286557e-01 
 7.89000000e+01  1.13176091e-01 
 7.90000000e+01  1.13065831e-01 
 7.91000000e+01  1.12955776e-01 
 7.92000000e+01  1.12845926e-01 
 7.93000000e+01  1.12736280e-01 
 7.94000000e+01  1.12626837e-01 
 7.95000000e+01  1.12517597e-01 
 7.96000000e+01  1.12408560e-01 
 7.97000000e+01  1.12299724e-01 
 7.98000000e+01  1.12191088e-01 
 7.99000000e+01  1.12082653e-01 
 8.00000000e+01  1.11974417e-01 
 8.01000000e+01  1.11866381e-01 
 8.02000000e+01  1.11758542e-01 
 8.03000000e+01  1.11650901e-01 
 8.04000000e+01  1.11543458e-01 
 8.05000000e+01  1.11436210e-01 
 8.06000000e+01  1.11329158e-01 
 8.07000000e+01  1.11222302e-01 
 8.08000000e+01  1.11115640e-01 
 8.09000000e+01  1.11009171e-01 
 8.10000000e+01  1.10902896e-01 
 8.11000000e+01  1.10796814e-01 
 8.12000000e+01  1.10690923e-01 
 8.13000000e+01  1.10585224e-01 
 8.14000000e+01  1.10479716e-01 
 8.15000000e+01  1.10374397e-01 
 8.16000000e+01  1.10269269e-01 
 8.17000000e+01  1.10164329e-01 
 8.18000000e+01  1.10059577e-01 
 8.19000000e+01  1.09955014e-01 
 8.20000000e+01  1.09850637e-01 
 8.21000000e+01  1.09746447e-01 
 8.22000000e+01  1.09642443e-01 
 8.23000000e+01  1.09538624e-01 
 8.24000000e+01  1.09434990e-01 
 8.25000000e+01  1.09331541e-01 
 8.26000000e+01  1.09228274e-01 
 8.27000000e+01  1.09125191e-01 
 8.28000000e+01  1.09022290e-01 
 8.29000000e+01  1.08919571e-01 
 8.30000000e+01  1.08817033e-01 
 8.31000000e+01  1.08714676e-01 
 8.32000000e+01  1.08612499e-01 
 8.33000000e+01  1.08510502e-01 
 8.34000000e+01  1.08408683e-01 
 8.35000000e+01  1.08307043e-01 
 8.36000000e+01  1.08205581e-01 
 8.37000000e+01  1.08104296e-01 
 8.38000000e+01  1.08003188e-01 
 8.39000000e+01  1.07902256e-01 
 8.40000000e+01  1.07801499e-01 
 8.41000000e+01  1.07700918e-01 
 8.42000000e+01  1.07600511e-01 
 8.43000000e+01  1.07500278e-01 
 8.44000000e+01  1.07400218e-01 
 8.45000000e+01  1.07300331e-01 
 8.46000000e+01  1.07200617e-01 
 8.47000000e+01  1.07101074e-01 
 8.48000000e+01  1.07001702e-01 
 8.49000000e+01  1.06902502e-01 
 8.50000000e+01  1.06803471e-01 
 8.51000000e+01  1.06704610e-01 
 8.52000000e+01  1.06605918e-01 
 8.53000000e+01  1.06507395e-01 
 8.54000000e+01  1.06409039e-01 
 8.55000000e+01  1.06310852e-01 
 8.56000000e+01  1.06212831e-01 
 8.57000000e+01  1.06114976e-01 
 8.58000000e+01  1.06017288e-01 
 8.59000000e+01  1.05919765e-01 
 8.60000000e+01  1.05822407e-01 
 8.61000000e+01  1.05725214e-01 
 8.62000000e+01  1.05628184e-01 
 8.63000000e+01  1.05531318e-01 
 8.64000000e+01  1.05434614e-01 
 8.65000000e+01  1.05338074e-01 
 8.66000000e+01  1.05241695e-01 
 8.67000000e+01  1.05145477e-01 
 8.68000000e+01  1.05049420e-01 
 8.69000000e+01  1.04953524e-01 
 8.70000000e+01  1.04857787e-01 
 8.71000000e+01  1.04762210e-01 
 8.72000000e+01  1.04666792e-01 
 8.73000000e+01  1.04571533e-01 
 8.74000000e+01  1.04476431e-01 
 8.75000000e+01  1.04381487e-01 
 8.76000000e+01  1.04286700e-01 
 8.77000000e+01  1.04192069e-01 
 8.78000000e+01  1.04097595e-01 
 8.79000000e+01  1.04003276e-01 
 8.80000000e+01  1.03909112e-01 
 8.81000000e+01  1.03815102e-01 
 8.82000000e+01  1.03721247e-01 
 8.83000000e+01  1.03627546e-01 
 8.84000000e+01  1.03533998e-01 
 8.85000000e+01  1.03440602e-01 
 8.86000000e+01  1.03347359e-01 
 8.87000000e+01  1.03254268e-01 
 8.88000000e+01  1.03161328e-01 
 8.89000000e+01  1.03068539e-01 
 8.90000000e+01  1.02975900e-01 
 8.91000000e+01  1.02883412e-01 
 8.92000000e+01  1.02791073e-01 
 8.93000000e+01  1.02698883e-01 
 8.94000000e+01  1.02606842e-01 
 8.95000000e+01  1.02514949e-01 
 8.96000000e+01  1.02423204e-01 
 8.97000000e+01  1.02331606e-01 
 8.98000000e+01  1.02240155e-01 
 8.99000000e+01  1.02148851e-01 
 9.00000000e+01  1.02057693e-01 
 9.01000000e+01  1.01966680e-01 
 9.02000000e+01  1.01875813e-01 
 9.03000000e+01  1.01785090e-01 
 9.04000000e+01  1.01694512e-01 
 9.05000000e+01  1.01604077e-01 
 9.06000000e+01  1.01513786e-01 
 9.07000000e+01  1.01423638e-01 
 9.08000000e+01  1.01333633e-01 
 9.09000000e+01  1.01243770e-01 
 9.10000000e+01  1.01154048e-01 
 9.11000000e+01  1.01064468e-01 
 9.12000000e+01  1.00975029e-01 
 9.13000000e+01  1.00885731e-01 
 9.14000000e+01  1.00796572e-01 
 9.15000000e+01  1.00707554e-01 
 9.16000000e+01  1.00618674e-01 
 9.17000000e+01  1.00529934e-01 
 9.18000000e+01  1.00441332e-01 
 9.19000000e+01  1.00352869e-01 
 9.20000000e+01  1.00264543e-01 
 9.21000000e+01  1.00176354e-01 
 9.22000000e+01  1.00088302e-01 
 9.23000000e+01  1.00000387e-01 
 9.24000000e+01  9.99126077e-02 
 9.25000000e+01  9.98249643e-02 
 9.26000000e+01  9.97374563e-02 
 9.27000000e+01  9.96500832e-02 
 9.28000000e+01  9.95628447e-02 
 9.29000000e+01  9.94757404e-02 
 9.30000000e+01  9.93887699e-02 
 9.31000000e+01  9.93019329e-02 
 9.32000000e+01  9.92152288e-02 
 9.33000000e+01  9.91286574e-02 
 9.34000000e+01  9.90422183e-02 
 9.35000000e+01  9.89559112e-02 
 9.36000000e+01  9.88697355e-02 
 9.37000000e+01  9.87836910e-02 
 9.38000000e+01  9.86977773e-02 
 9.39000000e+01  9.86119941e-02 
 9.40000000e+01  9.85263408e-02 
 9.41000000e+01  9.84408173e-02 
 9.42000000e+01  9.83554231e-02 
 9.43000000e+01  9.82701579e-02 
 9.44000000e+01  9.81850212e-02 
 9.45000000e+01  9.81000128e-02 
 9.46000000e+01  9.80151322e-02 
 9.47000000e+01  9.79303792e-02 
 9.48000000e+01  9.78457533e-02 
 9.49000000e+01  9.77612543e-02 
 9.50000000e+01  9.76768817e-02 
 9.51000000e+01  9.75926352e-02 
 9.52000000e+01  9.75085145e-02 
 9.53000000e+01  9.74245192e-02 
 9.54000000e+01  9.73406489e-02 
 9.55000000e+01  9.72569033e-02 
 9.56000000e+01  9.71732822e-02 
 9.57000000e+01  9.70897850e-02 
 9.58000000e+01  9.70064115e-02 
 9.59000000e+01  9.69231614e-02 
 9.60000000e+01  9.68400343e-02 
 9.61000000e+01  9.67570298e-02 
 9.62000000e+01  9.66741477e-02 
 9.63000000e+01  9.65913875e-02 
 9.64000000e+01  9.65087491e-02 
 9.65000000e+01  9.64262319e-02 
 9.66000000e+01  9.63438358e-02 
 9.67000000e+01  9.62615604e-02 
 9.68000000e+01  9.61794053e-02 
 9.69000000e+01  9.60973702e-02 
 9.70000000e+01  9.60154548e-02 
 9.71000000e+01  9.59336587e-02 
 9.72000000e+01  9.58519818e-02 
 9.73000000e+01  9.57704235e-02 
 9.74000000e+01  9.56889837e-02 
 9.75000000e+01  9.56076620e-02 
 9.76000000e+01  9.55264580e-02 
 9.77000000e+01  9.54453715e-02 
 9.78000000e+01  9.53644021e-02 
 9.79000000e+01  9.52835495e-02 
 9.80000000e+01  9.52028135e-02 
 9.81000000e+01  9.51221937e-02 
 9.82000000e+01  9.50416898e-02 
 9.83000000e+01  9.49613015e-02 
 9.84000000e+01  9.48810284e-02 
 9.85000000e+01  9.48008703e-02 
 9.86000000e+01  9.47208270e-02 
 9.87000000e+01  9.46408979e-02 
 9.88000000e+01  9.45610830e-02 
 9.89000000e+01  9.44813818e-02 
 9.90000000e+01  9.44017941e-02 
 9.91000000e+01  9.43223196e-02 
 9.92000000e+01  9.42429579e-02 
 9.93000000e+01  9.41637088e-02 
 9.94000000e+01  9.40845720e-02 
 9.95000000e+01  9.40055472e-02 
 9.96000000e+01  9.39266341e-02 
 9.97000000e+01  9.38478324e-02 
 9.98000000e+01  9.37691418e-02 
 9.99000000e+01  9.36905620e-02 
