 temp-sweep      v(vtemp)       
 0.00000000e+00  2.85412820e-01 
 1.00000000e-01  2.85202723e-01 
 2.00000000e-01  2.84991730e-01 
 3.00000000e-01  2.84781198e-01 
 4.00000000e-01  2.84570667e-01 
 5.00000000e-01  2.84360140e-01 
 6.00000000e-01  2.84149615e-01 
 7.00000000e-01  2.83939092e-01 
 8.00000000e-01  2.83728572e-01 
 9.00000000e-01  2.83518054e-01 
 1.00000000e+00  2.83307538e-01 
 1.10000000e+00  2.83097025e-01 
 1.20000000e+00  2.82886513e-01 
 1.30000000e+00  2.82676003e-01 
 1.40000000e+00  2.82465495e-01 
 1.50000000e+00  2.82254989e-01 
 1.60000000e+00  2.82044485e-01 
 1.70000000e+00  2.81833982e-01 
 1.80000000e+00  2.81623481e-01 
 1.90000000e+00  2.81412981e-01 
 2.00000000e+00  2.81202482e-01 
 2.10000000e+00  2.80991985e-01 
 2.20000000e+00  2.80781489e-01 
 2.30000000e+00  2.80570994e-01 
 2.40000000e+00  2.80360500e-01 
 2.50000000e+00  2.80150008e-01 
 2.60000000e+00  2.79939516e-01 
 2.70000000e+00  2.79729025e-01 
 2.80000000e+00  2.79518534e-01 
 2.90000000e+00  2.79308045e-01 
 3.00000000e+00  2.79097555e-01 
 3.10000000e+00  2.78887067e-01 
 3.20000000e+00  2.78676579e-01 
 3.30000000e+00  2.78466091e-01 
 3.40000000e+00  2.78255603e-01 
 3.50000000e+00  2.78045116e-01 
 3.60000000e+00  2.77834629e-01 
 3.70000000e+00  2.77624142e-01 
 3.80000000e+00  2.77413654e-01 
 3.90000000e+00  2.77203167e-01 
 4.00000000e+00  2.76992679e-01 
 4.10000000e+00  2.76782192e-01 
 4.20000000e+00  2.76571703e-01 
 4.30000000e+00  2.76361215e-01 
 4.40000000e+00  2.76150726e-01 
 4.50000000e+00  2.75940236e-01 
 4.60000000e+00  2.75729746e-01 
 4.70000000e+00  2.75519255e-01 
 4.80000000e+00  2.75308763e-01 
 4.90000000e+00  2.75098270e-01 
 5.00000000e+00  2.74887776e-01 
 5.10000000e+00  2.74677282e-01 
 5.20000000e+00  2.74466786e-01 
 5.30000000e+00  2.74256289e-01 
 5.40000000e+00  2.74045791e-01 
 5.50000000e+00  2.73835291e-01 
 5.60000000e+00  2.73624790e-01 
 5.70000000e+00  2.73414288e-01 
 5.80000000e+00  2.73203784e-01 
 5.90000000e+00  2.72993278e-01 
 6.00000000e+00  2.72782771e-01 
 6.10000000e+00  2.72572262e-01 
 6.20000000e+00  2.72361751e-01 
 6.30000000e+00  2.72151238e-01 
 6.40000000e+00  2.71940723e-01 
 6.50000000e+00  2.71730206e-01 
 6.60000000e+00  2.71519687e-01 
 6.70000000e+00  2.71309166e-01 
 6.80000000e+00  2.71098643e-01 
 6.90000000e+00  2.70888117e-01 
 7.00000000e+00  2.70677588e-01 
 7.10000000e+00  2.70467057e-01 
 7.20000000e+00  2.70256524e-01 
 7.30000000e+00  2.70045988e-01 
 7.40000000e+00  2.69835449e-01 
 7.50000000e+00  2.69624908e-01 
 7.60000000e+00  2.69414363e-01 
 7.70000000e+00  2.69203816e-01 
 7.80000000e+00  2.68993266e-01 
 7.90000000e+00  2.68782712e-01 
 8.00000000e+00  2.68572156e-01 
 8.10000000e+00  2.68361596e-01 
 8.20000000e+00  2.68151033e-01 
 8.30000000e+00  2.67940467e-01 
 8.40000000e+00  2.67729897e-01 
 8.50000000e+00  2.67519324e-01 
 8.60000000e+00  2.67308747e-01 
 8.70000000e+00  2.67098166e-01 
 8.80000000e+00  2.66887582e-01 
 8.90000000e+00  2.66676994e-01 
 9.00000000e+00  2.66466402e-01 
 9.10000000e+00  2.66255807e-01 
 9.20000000e+00  2.66045207e-01 
 9.30000000e+00  2.65834603e-01 
 9.40000000e+00  2.65623995e-01 
 9.50000000e+00  2.65413383e-01 
 9.60000000e+00  2.65202767e-01 
 9.70000000e+00  2.64992147e-01 
 9.80000000e+00  2.64781522e-01 
 9.90000000e+00  2.64570892e-01 
 1.00000000e+01  2.64360258e-01 
 1.01000000e+01  2.64149620e-01 
 1.02000000e+01  2.63938977e-01 
 1.03000000e+01  2.63728329e-01 
 1.04000000e+01  2.63517676e-01 
 1.05000000e+01  2.63307019e-01 
 1.06000000e+01  2.63096357e-01 
 1.07000000e+01  2.62885689e-01 
 1.08000000e+01  2.62675017e-01 
 1.09000000e+01  2.62464339e-01 
 1.10000000e+01  2.62253657e-01 
 1.11000000e+01  2.62042969e-01 
 1.12000000e+01  2.61832276e-01 
 1.13000000e+01  2.61621577e-01 
 1.14000000e+01  2.61410873e-01 
 1.15000000e+01  2.61200163e-01 
 1.16000000e+01  2.60989448e-01 
 1.17000000e+01  2.60778728e-01 
 1.18000000e+01  2.60568001e-01 
 1.19000000e+01  2.60357269e-01 
 1.20000000e+01  2.60146531e-01 
 1.21000000e+01  2.59935788e-01 
 1.22000000e+01  2.59725038e-01 
 1.23000000e+01  2.59514282e-01 
 1.24000000e+01  2.59303520e-01 
 1.25000000e+01  2.59092753e-01 
 1.26000000e+01  2.58881978e-01 
 1.27000000e+01  2.58671198e-01 
 1.28000000e+01  2.58460411e-01 
 1.29000000e+01  2.58249618e-01 
 1.30000000e+01  2.58038819e-01 
 1.31000000e+01  2.57828013e-01 
 1.32000000e+01  2.57617201e-01 
 1.33000000e+01  2.57406382e-01 
 1.34000000e+01  2.57195556e-01 
 1.35000000e+01  2.56984723e-01 
 1.36000000e+01  2.56773884e-01 
 1.37000000e+01  2.56563038e-01 
 1.38000000e+01  2.56352185e-01 
 1.39000000e+01  2.56141325e-01 
 1.40000000e+01  2.55930458e-01 
 1.41000000e+01  2.55719584e-01 
 1.42000000e+01  2.55508703e-01 
 1.43000000e+01  2.55297814e-01 
 1.44000000e+01  2.55086919e-01 
 1.45000000e+01  2.54876016e-01 
 1.46000000e+01  2.54665105e-01 
 1.47000000e+01  2.54454188e-01 
 1.48000000e+01  2.54243262e-01 
 1.49000000e+01  2.54032330e-01 
 1.50000000e+01  2.53821389e-01 
 1.51000000e+01  2.53610441e-01 
 1.52000000e+01  2.53399486e-01 
 1.53000000e+01  2.53188522e-01 
 1.54000000e+01  2.52977551e-01 
 1.55000000e+01  2.52766572e-01 
 1.56000000e+01  2.52555585e-01 
 1.57000000e+01  2.52344589e-01 
 1.58000000e+01  2.52133586e-01 
 1.59000000e+01  2.51922575e-01 
 1.60000000e+01  2.51711556e-01 
 1.61000000e+01  2.51500528e-01 
 1.62000000e+01  2.51289492e-01 
 1.63000000e+01  2.51078448e-01 
 1.64000000e+01  2.50867396e-01 
 1.65000000e+01  2.50656335e-01 
 1.66000000e+01  2.50445266e-01 
 1.67000000e+01  2.50234188e-01 
 1.68000000e+01  2.50023102e-01 
 1.69000000e+01  2.49812007e-01 
 1.70000000e+01  2.49600903e-01 
 1.71000000e+01  2.49389791e-01 
 1.72000000e+01  2.49178670e-01 
 1.73000000e+01  2.48967540e-01 
 1.74000000e+01  2.48756401e-01 
 1.75000000e+01  2.48545253e-01 
 1.76000000e+01  2.48334097e-01 
 1.77000000e+01  2.48122931e-01 
 1.78000000e+01  2.47911756e-01 
 1.79000000e+01  2.47700572e-01 
 1.80000000e+01  2.47489379e-01 
 1.81000000e+01  2.47278177e-01 
 1.82000000e+01  2.47066966e-01 
 1.83000000e+01  2.46855745e-01 
 1.84000000e+01  2.46644515e-01 
 1.85000000e+01  2.46433275e-01 
 1.86000000e+01  2.46222027e-01 
 1.87000000e+01  2.46010768e-01 
 1.88000000e+01  2.45799500e-01 
 1.89000000e+01  2.45588223e-01 
 1.90000000e+01  2.45376936e-01 
 1.91000000e+01  2.45165639e-01 
 1.92000000e+01  2.44954332e-01 
 1.93000000e+01  2.44743016e-01 
 1.94000000e+01  2.44531690e-01 
 1.95000000e+01  2.44320354e-01 
 1.96000000e+01  2.44109008e-01 
 1.97000000e+01  2.43897653e-01 
 1.98000000e+01  2.43686287e-01 
 1.99000000e+01  2.43474911e-01 
 2.00000000e+01  2.43263526e-01 
 2.01000000e+01  2.43052130e-01 
 2.02000000e+01  2.42840724e-01 
 2.03000000e+01  2.42629308e-01 
 2.04000000e+01  2.42417881e-01 
 2.05000000e+01  2.42206445e-01 
 2.06000000e+01  2.41994998e-01 
 2.07000000e+01  2.41783541e-01 
 2.08000000e+01  2.41572073e-01 
 2.09000000e+01  2.41360595e-01 
 2.10000000e+01  2.41149107e-01 
 2.11000000e+01  2.40937608e-01 
 2.12000000e+01  2.40726098e-01 
 2.13000000e+01  2.40514578e-01 
 2.14000000e+01  2.40303047e-01 
 2.15000000e+01  2.40091506e-01 
 2.16000000e+01  2.39879954e-01 
 2.17000000e+01  2.39668391e-01 
 2.18000000e+01  2.39456818e-01 
 2.19000000e+01  2.39245234e-01 
 2.20000000e+01  2.39033639e-01 
 2.21000000e+01  2.38822033e-01 
 2.22000000e+01  2.38610416e-01 
 2.23000000e+01  2.38398788e-01 
 2.24000000e+01  2.38187149e-01 
 2.25000000e+01  2.37975500e-01 
 2.26000000e+01  2.37763839e-01 
 2.27000000e+01  2.37552167e-01 
 2.28000000e+01  2.37340484e-01 
 2.29000000e+01  2.37128790e-01 
 2.30000000e+01  2.36917085e-01 
 2.31000000e+01  2.36705369e-01 
 2.32000000e+01  2.36493642e-01 
 2.33000000e+01  2.36281903e-01 
 2.34000000e+01  2.36070153e-01 
 2.35000000e+01  2.35858392e-01 
 2.36000000e+01  2.35646619e-01 
 2.37000000e+01  2.35434835e-01 
 2.38000000e+01  2.35223040e-01 
 2.39000000e+01  2.35011233e-01 
 2.40000000e+01  2.34799415e-01 
 2.41000000e+01  2.34587585e-01 
 2.42000000e+01  2.34375744e-01 
 2.43000000e+01  2.34163891e-01 
 2.44000000e+01  2.33952027e-01 
 2.45000000e+01  2.33740151e-01 
 2.46000000e+01  2.33528264e-01 
 2.47000000e+01  2.33316365e-01 
 2.48000000e+01  2.33104454e-01 
 2.49000000e+01  2.32892532e-01 
 2.50000000e+01  2.32680598e-01 
 2.51000000e+01  2.32468652e-01 
 2.52000000e+01  2.32256695e-01 
 2.53000000e+01  2.32044726e-01 
 2.54000000e+01  2.31832745e-01 
 2.55000000e+01  2.31620752e-01 
 2.56000000e+01  2.31408748e-01 
 2.57000000e+01  2.31196731e-01 
 2.58000000e+01  2.30984703e-01 
 2.59000000e+01  2.30772663e-01 
 2.60000000e+01  2.30560611e-01 
 2.61000000e+01  2.30348547e-01 
 2.62000000e+01  2.30136471e-01 
 2.63000000e+01  2.29924384e-01 
 2.64000000e+01  2.29712284e-01 
 2.65000000e+01  2.29500172e-01 
 2.66000000e+01  2.29288049e-01 
 2.67000000e+01  2.29075913e-01 
 2.68000000e+01  2.28863766e-01 
 2.69000000e+01  2.28651606e-01 
 2.70000000e+01  2.28439434e-01 
 2.71000000e+01  2.28227251e-01 
 2.72000000e+01  2.28015055e-01 
 2.73000000e+01  2.27802847e-01 
 2.74000000e+01  2.27590627e-01 
 2.75000000e+01  2.27378395e-01 
 2.76000000e+01  2.27166151e-01 
 2.77000000e+01  2.26953895e-01 
 2.78000000e+01  2.26741627e-01 
 2.79000000e+01  2.26529346e-01 
 2.80000000e+01  2.26317054e-01 
 2.81000000e+01  2.26104749e-01 
 2.82000000e+01  2.25892432e-01 
 2.83000000e+01  2.25680103e-01 
 2.84000000e+01  2.25467762e-01 
 2.85000000e+01  2.25255409e-01 
 2.86000000e+01  2.25043043e-01 
 2.87000000e+01  2.24830665e-01 
 2.88000000e+01  2.24618276e-01 
 2.89000000e+01  2.24405874e-01 
 2.90000000e+01  2.24193459e-01 
 2.91000000e+01  2.23981033e-01 
 2.92000000e+01  2.23768595e-01 
 2.93000000e+01  2.23556144e-01 
 2.94000000e+01  2.23343681e-01 
 2.95000000e+01  2.23131206e-01 
 2.96000000e+01  2.22918719e-01 
 2.97000000e+01  2.22706219e-01 
 2.98000000e+01  2.22493708e-01 
 2.99000000e+01  2.22281184e-01 
 3.00000000e+01  2.22068648e-01 
 3.01000000e+01  2.21856100e-01 
 3.02000000e+01  2.21643540e-01 
 3.03000000e+01  2.21430968e-01 
 3.04000000e+01  2.21218384e-01 
 3.05000000e+01  2.21005787e-01 
 3.06000000e+01  2.20793179e-01 
 3.07000000e+01  2.20580558e-01 
 3.08000000e+01  2.20367925e-01 
 3.09000000e+01  2.20155280e-01 
 3.10000000e+01  2.19942623e-01 
 3.11000000e+01  2.19729955e-01 
 3.12000000e+01  2.19517274e-01 
 3.13000000e+01  2.19304581e-01 
 3.14000000e+01  2.19091876e-01 
 3.15000000e+01  2.18879159e-01 
 3.16000000e+01  2.18666430e-01 
 3.17000000e+01  2.18453689e-01 
 3.18000000e+01  2.18240936e-01 
 3.19000000e+01  2.18028171e-01 
 3.20000000e+01  2.17815394e-01 
 3.21000000e+01  2.17602606e-01 
 3.22000000e+01  2.17389805e-01 
 3.23000000e+01  2.17176993e-01 
 3.24000000e+01  2.16964169e-01 
 3.25000000e+01  2.16751333e-01 
 3.26000000e+01  2.16538486e-01 
 3.27000000e+01  2.16325626e-01 
 3.28000000e+01  2.16112755e-01 
 3.29000000e+01  2.15899873e-01 
 3.30000000e+01  2.15686978e-01 
 3.31000000e+01  2.15474072e-01 
 3.32000000e+01  2.15261155e-01 
 3.33000000e+01  2.15048225e-01 
 3.34000000e+01  2.14835285e-01 
 3.35000000e+01  2.14622333e-01 
 3.36000000e+01  2.14409369e-01 
 3.37000000e+01  2.14196394e-01 
 3.38000000e+01  2.13983407e-01 
 3.39000000e+01  2.13770410e-01 
 3.40000000e+01  2.13557401e-01 
 3.41000000e+01  2.13344380e-01 
 3.42000000e+01  2.13131348e-01 
 3.43000000e+01  2.12918306e-01 
 3.44000000e+01  2.12705252e-01 
 3.45000000e+01  2.12492186e-01 
 3.46000000e+01  2.12279110e-01 
 3.47000000e+01  2.12066023e-01 
 3.48000000e+01  2.11852925e-01 
 3.49000000e+01  2.11639816e-01 
 3.50000000e+01  2.11426696e-01 
 3.51000000e+01  2.11213565e-01 
 3.52000000e+01  2.11000423e-01 
 3.53000000e+01  2.10787271e-01 
 3.54000000e+01  2.10574107e-01 
 3.55000000e+01  2.10360934e-01 
 3.56000000e+01  2.10147749e-01 
 3.57000000e+01  2.09934555e-01 
 3.58000000e+01  2.09721349e-01 
 3.59000000e+01  2.09508133e-01 
 3.60000000e+01  2.09294907e-01 
 3.61000000e+01  2.09081671e-01 
 3.62000000e+01  2.08868424e-01 
 3.63000000e+01  2.08655168e-01 
 3.64000000e+01  2.08441901e-01 
 3.65000000e+01  2.08228624e-01 
 3.66000000e+01  2.08015337e-01 
 3.67000000e+01  2.07802040e-01 
 3.68000000e+01  2.07588734e-01 
 3.69000000e+01  2.07375417e-01 
 3.70000000e+01  2.07162091e-01 
 3.71000000e+01  2.06948755e-01 
 3.72000000e+01  2.06735410e-01 
 3.73000000e+01  2.06522055e-01 
 3.74000000e+01  2.06308691e-01 
 3.75000000e+01  2.06095318e-01 
 3.76000000e+01  2.05881935e-01 
 3.77000000e+01  2.05668543e-01 
 3.78000000e+01  2.05455142e-01 
 3.79000000e+01  2.05241733e-01 
 3.80000000e+01  2.05028314e-01 
 3.81000000e+01  2.04814886e-01 
 3.82000000e+01  2.04601450e-01 
 3.83000000e+01  2.04388005e-01 
 3.84000000e+01  2.04174551e-01 
 3.85000000e+01  2.03961089e-01 
 3.86000000e+01  2.03747619e-01 
 3.87000000e+01  2.03534140e-01 
 3.88000000e+01  2.03320653e-01 
 3.89000000e+01  2.03107158e-01 
 3.90000000e+01  2.02893655e-01 
 3.91000000e+01  2.02680144e-01 
 3.92000000e+01  2.02466626e-01 
 3.93000000e+01  2.02253100e-01 
 3.94000000e+01  2.02039566e-01 
 3.95000000e+01  2.01826025e-01 
 3.96000000e+01  2.01612476e-01 
 3.97000000e+01  2.01398920e-01 
 3.98000000e+01  2.01185357e-01 
 3.99000000e+01  2.00971788e-01 
 4.00000000e+01  2.00758211e-01 
 4.01000000e+01  2.00544627e-01 
 4.02000000e+01  2.00331037e-01 
 4.03000000e+01  2.00117440e-01 
 4.04000000e+01  1.99903837e-01 
 4.05000000e+01  1.99690228e-01 
 4.06000000e+01  1.99476612e-01 
 4.07000000e+01  1.99262991e-01 
 4.08000000e+01  1.99049363e-01 
 4.09000000e+01  1.98835730e-01 
 4.10000000e+01  1.98622091e-01 
 4.11000000e+01  1.98408447e-01 
 4.12000000e+01  1.98194798e-01 
 4.13000000e+01  1.97981143e-01 
 4.14000000e+01  1.97767483e-01 
 4.15000000e+01  1.97553818e-01 
 4.16000000e+01  1.97340149e-01 
 4.17000000e+01  1.97126475e-01 
 4.18000000e+01  1.96912796e-01 
 4.19000000e+01  1.96699114e-01 
 4.20000000e+01  1.96485427e-01 
 4.21000000e+01  1.96271736e-01 
 4.22000000e+01  1.96058041e-01 
 4.23000000e+01  1.95844343e-01 
 4.24000000e+01  1.95630641e-01 
 4.25000000e+01  1.95416936e-01 
 4.26000000e+01  1.95203227e-01 
 4.27000000e+01  1.94989516e-01 
 4.28000000e+01  1.94775802e-01 
 4.29000000e+01  1.94562085e-01 
 4.30000000e+01  1.94348366e-01 
 4.31000000e+01  1.94134645e-01 
 4.32000000e+01  1.93920922e-01 
 4.33000000e+01  1.93707196e-01 
 4.34000000e+01  1.93493469e-01 
 4.35000000e+01  1.93279741e-01 
 4.36000000e+01  1.93066011e-01 
 4.37000000e+01  1.92852280e-01 
 4.38000000e+01  1.92638548e-01 
 4.39000000e+01  1.92424816e-01 
 4.40000000e+01  1.92211083e-01 
 4.41000000e+01  1.91997350e-01 
 4.42000000e+01  1.91783616e-01 
 4.43000000e+01  1.91569883e-01 
 4.44000000e+01  1.91356151e-01 
 4.45000000e+01  1.91142418e-01 
 4.46000000e+01  1.90928687e-01 
 4.47000000e+01  1.90714957e-01 
 4.48000000e+01  1.90501228e-01 
 4.49000000e+01  1.90287500e-01 
 4.50000000e+01  1.90073774e-01 
 4.51000000e+01  1.89860051e-01 
 4.52000000e+01  1.89646329e-01 
 4.53000000e+01  1.89432610e-01 
 4.54000000e+01  1.89218894e-01 
 4.55000000e+01  1.89005180e-01 
 4.56000000e+01  1.88791470e-01 
 4.57000000e+01  1.88577764e-01 
 4.58000000e+01  1.88364061e-01 
 4.59000000e+01  1.88150362e-01 
 4.60000000e+01  1.87936667e-01 
 4.61000000e+01  1.87722977e-01 
 4.62000000e+01  1.87509292e-01 
 4.63000000e+01  1.87295612e-01 
 4.64000000e+01  1.87081938e-01 
 4.65000000e+01  1.86868269e-01 
 4.66000000e+01  1.86654606e-01 
 4.67000000e+01  1.86440949e-01 
 4.68000000e+01  1.86227299e-01 
 4.69000000e+01  1.86013656e-01 
 4.70000000e+01  1.85800020e-01 
 4.71000000e+01  1.85586392e-01 
 4.72000000e+01  1.85372771e-01 
 4.73000000e+01  1.85159158e-01 
 4.74000000e+01  1.84945554e-01 
 4.75000000e+01  1.84731959e-01 
 4.76000000e+01  1.84518373e-01 
 4.77000000e+01  1.84304796e-01 
 4.78000000e+01  1.84091230e-01 
 4.79000000e+01  1.83877673e-01 
 4.80000000e+01  1.83664127e-01 
 4.81000000e+01  1.83450591e-01 
 4.82000000e+01  1.83237067e-01 
 4.83000000e+01  1.83023555e-01 
 4.84000000e+01  1.82810054e-01 
 4.85000000e+01  1.82596566e-01 
 4.86000000e+01  1.82383090e-01 
 4.87000000e+01  1.82169628e-01 
 4.88000000e+01  1.81956178e-01 
 4.89000000e+01  1.81742743e-01 
 4.90000000e+01  1.81529322e-01 
 4.91000000e+01  1.81315916e-01 
 4.92000000e+01  1.81102524e-01 
 4.93000000e+01  1.80889149e-01 
 4.94000000e+01  1.80675789e-01 
 4.95000000e+01  1.80462445e-01 
 4.96000000e+01  1.80249118e-01 
 4.97000000e+01  1.80035808e-01 
 4.98000000e+01  1.79822516e-01 
 4.99000000e+01  1.79609242e-01 
 5.00000000e+01  1.79395986e-01 
 5.01000000e+01  1.79182749e-01 
 5.02000000e+01  1.78969532e-01 
 5.03000000e+01  1.78756334e-01 
 5.04000000e+01  1.78543157e-01 
 5.05000000e+01  1.78330001e-01 
 5.06000000e+01  1.78116865e-01 
 5.07000000e+01  1.77903752e-01 
 5.08000000e+01  1.77690661e-01 
 5.09000000e+01  1.77477593e-01 
 5.10000000e+01  1.77264548e-01 
 5.11000000e+01  1.77051527e-01 
 5.12000000e+01  1.76838530e-01 
 5.13000000e+01  1.76625558e-01 
 5.14000000e+01  1.76412611e-01 
 5.15000000e+01  1.76199690e-01 
 5.16000000e+01  1.75986796e-01 
 5.17000000e+01  1.75773929e-01 
 5.18000000e+01  1.75561089e-01 
 5.19000000e+01  1.75348278e-01 
 5.20000000e+01  1.75135495e-01 
 5.21000000e+01  1.74922741e-01 
 5.22000000e+01  1.74710018e-01 
 5.23000000e+01  1.74497325e-01 
 5.24000000e+01  1.74284662e-01 
 5.25000000e+01  1.74072032e-01 
 5.26000000e+01  1.73859434e-01 
 5.27000000e+01  1.73646868e-01 
 5.28000000e+01  1.73434337e-01 
 5.29000000e+01  1.73221839e-01 
 5.30000000e+01  1.73009377e-01 
 5.31000000e+01  1.72796949e-01 
 5.32000000e+01  1.72584558e-01 
 5.33000000e+01  1.72372204e-01 
 5.34000000e+01  1.72159887e-01 
 5.35000000e+01  1.71947608e-01 
 5.36000000e+01  1.71735369e-01 
 5.37000000e+01  1.71523168e-01 
 5.38000000e+01  1.71311008e-01 
 5.39000000e+01  1.71098889e-01 
 5.40000000e+01  1.70886812e-01 
 5.41000000e+01  1.70674777e-01 
 5.42000000e+01  1.70462785e-01 
 5.43000000e+01  1.70250838e-01 
 5.44000000e+01  1.70038935e-01 
 5.45000000e+01  1.69827077e-01 
 5.46000000e+01  1.69615266e-01 
 5.47000000e+01  1.69403501e-01 
 5.48000000e+01  1.69191785e-01 
 5.49000000e+01  1.68980117e-01 
 5.50000000e+01  1.68768498e-01 
 5.51000000e+01  1.68556930e-01 
 5.52000000e+01  1.68345413e-01 
 5.53000000e+01  1.68133947e-01 
 5.54000000e+01  1.67922535e-01 
 5.55000000e+01  1.67711176e-01 
 5.56000000e+01  1.67499871e-01 
 5.57000000e+01  1.67288622e-01 
 5.58000000e+01  1.67077430e-01 
 5.59000000e+01  1.66866294e-01 
 5.60000000e+01  1.66655216e-01 
 5.61000000e+01  1.66444198e-01 
 5.62000000e+01  1.66233239e-01 
 5.63000000e+01  1.66022341e-01 
 5.64000000e+01  1.65811505e-01 
 5.65000000e+01  1.65600732e-01 
 5.66000000e+01  1.65390022e-01 
 5.67000000e+01  1.65179377e-01 
 5.68000000e+01  1.64968798e-01 
 5.69000000e+01  1.64758286e-01 
 5.70000000e+01  1.64547841e-01 
 5.71000000e+01  1.64337465e-01 
 5.72000000e+01  1.64127158e-01 
 5.73000000e+01  1.63916923e-01 
 5.74000000e+01  1.63706759e-01 
 5.75000000e+01  1.63496668e-01 
 5.76000000e+01  1.63286651e-01 
 5.77000000e+01  1.63076709e-01 
 5.78000000e+01  1.62866844e-01 
 5.79000000e+01  1.62657055e-01 
 5.80000000e+01  1.62447346e-01 
 5.81000000e+01  1.62237715e-01 
 5.82000000e+01  1.62028165e-01 
 5.83000000e+01  1.61818697e-01 
 5.84000000e+01  1.61609312e-01 
 5.85000000e+01  1.61400011e-01 
 5.86000000e+01  1.61190796e-01 
 5.87000000e+01  1.60981667e-01 
 5.88000000e+01  1.60772626e-01 
 5.89000000e+01  1.60563673e-01 
 5.90000000e+01  1.60354811e-01 
 5.91000000e+01  1.60146041e-01 
 5.92000000e+01  1.59937363e-01 
 5.93000000e+01  1.59728779e-01 
 5.94000000e+01  1.59520290e-01 
 5.95000000e+01  1.59311898e-01 
 5.96000000e+01  1.59103603e-01 
 5.97000000e+01  1.58895408e-01 
 5.98000000e+01  1.58687314e-01 
 5.99000000e+01  1.58479321e-01 
 6.00000000e+01  1.58271431e-01 
 6.01000000e+01  1.58063646e-01 
 6.02000000e+01  1.57855966e-01 
 6.03000000e+01  1.57648394e-01 
 6.04000000e+01  1.57440931e-01 
 6.05000000e+01  1.57233578e-01 
 6.06000000e+01  1.57026336e-01 
 6.07000000e+01  1.56819207e-01 
 6.08000000e+01  1.56612193e-01 
 6.09000000e+01  1.56405294e-01 
 6.10000000e+01  1.56198513e-01 
 6.11000000e+01  1.55991851e-01 
 6.12000000e+01  1.55785308e-01 
 6.13000000e+01  1.55578888e-01 
 6.14000000e+01  1.55372591e-01 
 6.15000000e+01  1.55166418e-01 
 6.16000000e+01  1.54960372e-01 
 6.17000000e+01  1.54754454e-01 
 6.18000000e+01  1.54548666e-01 
 6.19000000e+01  1.54343008e-01 
 6.20000000e+01  1.54137483e-01 
 6.21000000e+01  1.53932092e-01 
 6.22000000e+01  1.53726837e-01 
 6.23000000e+01  1.53521719e-01 
 6.24000000e+01  1.53316740e-01 
 6.25000000e+01  1.53111902e-01 
 6.26000000e+01  1.52907207e-01 
 6.27000000e+01  1.52702655e-01 
 6.28000000e+01  1.52498248e-01 
 6.29000000e+01  1.52293989e-01 
 6.30000000e+01  1.52089879e-01 
 6.31000000e+01  1.51885920e-01 
 6.32000000e+01  1.51682113e-01 
 6.33000000e+01  1.51478460e-01 
 6.34000000e+01  1.51274963e-01 
 6.35000000e+01  1.51071623e-01 
 6.36000000e+01  1.50868443e-01 
 6.37000000e+01  1.50665423e-01 
 6.38000000e+01  1.50462567e-01 
 6.39000000e+01  1.50259874e-01 
 6.40000000e+01  1.50057348e-01 
 6.41000000e+01  1.49854991e-01 
 6.42000000e+01  1.49652803e-01 
 6.43000000e+01  1.49450786e-01 
 6.44000000e+01  1.49248943e-01 
 6.45000000e+01  1.49047276e-01 
 6.46000000e+01  1.48845785e-01 
 6.47000000e+01  1.48644474e-01 
 6.48000000e+01  1.48443343e-01 
 6.49000000e+01  1.48242395e-01 
 6.50000000e+01  1.48041631e-01 
 6.51000000e+01  1.47841053e-01 
 6.52000000e+01  1.47640663e-01 
 6.53000000e+01  1.47440464e-01 
 6.54000000e+01  1.47240456e-01 
 6.55000000e+01  1.47040642e-01 
 6.56000000e+01  1.46841024e-01 
 6.57000000e+01  1.46641602e-01 
 6.58000000e+01  1.46442381e-01 
 6.59000000e+01  1.46243360e-01 
 6.60000000e+01  1.46044543e-01 
 6.61000000e+01  1.45845930e-01 
 6.62000000e+01  1.45647525e-01 
 6.63000000e+01  1.45449328e-01 
 6.64000000e+01  1.45251342e-01 
 6.65000000e+01  1.45053568e-01 
 6.66000000e+01  1.44856009e-01 
 6.67000000e+01  1.44658666e-01 
 6.68000000e+01  1.44461541e-01 
 6.69000000e+01  1.44264637e-01 
 6.70000000e+01  1.44067954e-01 
 6.71000000e+01  1.43871496e-01 
 6.72000000e+01  1.43675263e-01 
 6.73000000e+01  1.43479258e-01 
 6.74000000e+01  1.43283483e-01 
 6.75000000e+01  1.43087939e-01 
 6.76000000e+01  1.42892628e-01 
 6.77000000e+01  1.42697553e-01 
 6.78000000e+01  1.42502715e-01 
 6.79000000e+01  1.42308115e-01 
 6.80000000e+01  1.42113757e-01 
 6.81000000e+01  1.41919642e-01 
 6.82000000e+01  1.41725771e-01 
 6.83000000e+01  1.41532146e-01 
 6.84000000e+01  1.41338770e-01 
 6.85000000e+01  1.41145644e-01 
 6.86000000e+01  1.40952770e-01 
 6.87000000e+01  1.40760150e-01 
 6.88000000e+01  1.40567786e-01 
 6.89000000e+01  1.40375679e-01 
 6.90000000e+01  1.40183831e-01 
 6.91000000e+01  1.39992244e-01 
 6.92000000e+01  1.39800920e-01 
 6.93000000e+01  1.39609861e-01 
 6.94000000e+01  1.39419069e-01 
 6.95000000e+01  1.39228544e-01 
 6.96000000e+01  1.39038290e-01 
 6.97000000e+01  1.38848307e-01 
 6.98000000e+01  1.38658597e-01 
 6.99000000e+01  1.38469163e-01 
 7.00000000e+01  1.38280005e-01 
 7.01000000e+01  1.38091126e-01 
 7.02000000e+01  1.37902527e-01 
 7.03000000e+01  1.37714210e-01 
 7.04000000e+01  1.37526176e-01 
 7.05000000e+01  1.37338428e-01 
 7.06000000e+01  1.37150966e-01 
 7.07000000e+01  1.36963793e-01 
 7.08000000e+01  1.36776909e-01 
 7.09000000e+01  1.36590317e-01 
 7.10000000e+01  1.36404018e-01 
 7.11000000e+01  1.36218014e-01 
 7.12000000e+01  1.36032306e-01 
 7.13000000e+01  1.35846896e-01 
 7.14000000e+01  1.35661785e-01 
 7.15000000e+01  1.35476974e-01 
 7.16000000e+01  1.35292466e-01 
 7.17000000e+01  1.35108261e-01 
 7.18000000e+01  1.34924361e-01 
 7.19000000e+01  1.34740768e-01 
 7.20000000e+01  1.34557482e-01 
 7.21000000e+01  1.34374505e-01 
 7.22000000e+01  1.34191839e-01 
 7.23000000e+01  1.34009485e-01 
 7.24000000e+01  1.33827443e-01 
 7.25000000e+01  1.33645717e-01 
 7.26000000e+01  1.33464305e-01 
 7.27000000e+01  1.33283211e-01 
 7.28000000e+01  1.33102435e-01 
 7.29000000e+01  1.32921978e-01 
 7.30000000e+01  1.32741842e-01 
 7.31000000e+01  1.32562027e-01 
 7.32000000e+01  1.32382535e-01 
 7.33000000e+01  1.32203367e-01 
 7.34000000e+01  1.32024524e-01 
 7.35000000e+01  1.31846008e-01 
 7.36000000e+01  1.31667818e-01 
 7.37000000e+01  1.31489956e-01 
 7.38000000e+01  1.31312424e-01 
 7.39000000e+01  1.31135222e-01 
 7.40000000e+01  1.30958351e-01 
 7.41000000e+01  1.30781812e-01 
 7.42000000e+01  1.30605606e-01 
 7.43000000e+01  1.30429734e-01 
 7.44000000e+01  1.30254196e-01 
 7.45000000e+01  1.30078995e-01 
 7.46000000e+01  1.29904129e-01 
 7.47000000e+01  1.29729601e-01 
 7.48000000e+01  1.29555411e-01 
 7.49000000e+01  1.29381559e-01 
 7.50000000e+01  1.29208047e-01 
 7.51000000e+01  1.29034875e-01 
 7.52000000e+01  1.28862044e-01 
 7.53000000e+01  1.28689555e-01 
 7.54000000e+01  1.28517407e-01 
 7.55000000e+01  1.28345602e-01 
 7.56000000e+01  1.28174141e-01 
 7.57000000e+01  1.28003023e-01 
 7.58000000e+01  1.27832250e-01 
 7.59000000e+01  1.27661822e-01 
 7.60000000e+01  1.27491739e-01 
 7.61000000e+01  1.27322003e-01 
 7.62000000e+01  1.27152612e-01 
 7.63000000e+01  1.26983568e-01 
 7.64000000e+01  1.26814872e-01 
 7.65000000e+01  1.26646523e-01 
 7.66000000e+01  1.26478522e-01 
 7.67000000e+01  1.26310869e-01 
 7.68000000e+01  1.26143565e-01 
 7.69000000e+01  1.25976610e-01 
 7.70000000e+01  1.25810003e-01 
 7.71000000e+01  1.25643747e-01 
 7.72000000e+01  1.25477839e-01 
 7.73000000e+01  1.25312282e-01 
 7.74000000e+01  1.25147074e-01 
 7.75000000e+01  1.24982217e-01 
 7.76000000e+01  1.24817710e-01 
 7.77000000e+01  1.24653553e-01 
 7.78000000e+01  1.24489747e-01 
 7.79000000e+01  1.24326291e-01 
 7.80000000e+01  1.24163186e-01 
 7.81000000e+01  1.24000432e-01 
 7.82000000e+01  1.23838028e-01 
 7.83000000e+01  1.23675975e-01 
 7.84000000e+01  1.23514272e-01 
 7.85000000e+01  1.23352920e-01 
 7.86000000e+01  1.23191919e-01 
 7.87000000e+01  1.23031268e-01 
 7.88000000e+01  1.22870967e-01 
 7.89000000e+01  1.22711017e-01 
 7.90000000e+01  1.22551416e-01 
 7.91000000e+01  1.22392166e-01 
 7.92000000e+01  1.22233265e-01 
 7.93000000e+01  1.22074714e-01 
 7.94000000e+01  1.21916512e-01 
 7.95000000e+01  1.21758660e-01 
 7.96000000e+01  1.21601156e-01 
 7.97000000e+01  1.21444000e-01 
 7.98000000e+01  1.21287194e-01 
 7.99000000e+01  1.21130735e-01 
 8.00000000e+01  1.20974623e-01 
 8.01000000e+01  1.20818860e-01 
 8.02000000e+01  1.20663443e-01 
 8.03000000e+01  1.20508373e-01 
 8.04000000e+01  1.20353649e-01 
 8.05000000e+01  1.20199271e-01 
 8.06000000e+01  1.20045239e-01 
 8.07000000e+01  1.19891551e-01 
 8.08000000e+01  1.19738209e-01 
 8.09000000e+01  1.19585210e-01 
 8.10000000e+01  1.19432556e-01 
 8.11000000e+01  1.19280244e-01 
 8.12000000e+01  1.19128276e-01 
 8.13000000e+01  1.18976650e-01 
 8.14000000e+01  1.18825365e-01 
 8.15000000e+01  1.18674422e-01 
 8.16000000e+01  1.18523820e-01 
 8.17000000e+01  1.18373558e-01 
 8.18000000e+01  1.18223635e-01 
 8.19000000e+01  1.18074052e-01 
 8.20000000e+01  1.17924807e-01 
 8.21000000e+01  1.17775900e-01 
 8.22000000e+01  1.17627330e-01 
 8.23000000e+01  1.17479097e-01 
 8.24000000e+01  1.17331199e-01 
 8.25000000e+01  1.17183638e-01 
 8.26000000e+01  1.17036411e-01 
 8.27000000e+01  1.16889518e-01 
 8.28000000e+01  1.16742959e-01 
 8.29000000e+01  1.16596732e-01 
 8.30000000e+01  1.16450837e-01 
 8.31000000e+01  1.16305274e-01 
 8.32000000e+01  1.16160042e-01 
 8.33000000e+01  1.16015139e-01 
 8.34000000e+01  1.15870566e-01 
 8.35000000e+01  1.15726322e-01 
 8.36000000e+01  1.15582405e-01 
 8.37000000e+01  1.15438815e-01 
 8.38000000e+01  1.15295552e-01 
 8.39000000e+01  1.15152614e-01 
 8.40000000e+01  1.15010001e-01 
 8.41000000e+01  1.14867712e-01 
 8.42000000e+01  1.14725747e-01 
 8.43000000e+01  1.14584104e-01 
 8.44000000e+01  1.14442782e-01 
 8.45000000e+01  1.14301782e-01 
 8.46000000e+01  1.14161102e-01 
 8.47000000e+01  1.14020741e-01 
 8.48000000e+01  1.13880698e-01 
 8.49000000e+01  1.13740974e-01 
 8.50000000e+01  1.13601566e-01 
 8.51000000e+01  1.13462474e-01 
 8.52000000e+01  1.13323698e-01 
 8.53000000e+01  1.13185236e-01 
 8.54000000e+01  1.13047087e-01 
 8.55000000e+01  1.12909252e-01 
 8.56000000e+01  1.12771728e-01 
 8.57000000e+01  1.12634515e-01 
 8.58000000e+01  1.12497612e-01 
 8.59000000e+01  1.12361019e-01 
 8.60000000e+01  1.12224735e-01 
 8.61000000e+01  1.12088757e-01 
 8.62000000e+01  1.11953087e-01 
 8.63000000e+01  1.11817723e-01 
 8.64000000e+01  1.11682663e-01 
 8.65000000e+01  1.11547908e-01 
 8.66000000e+01  1.11413456e-01 
 8.67000000e+01  1.11279306e-01 
 8.68000000e+01  1.11145458e-01 
 8.69000000e+01  1.11011911e-01 
 8.70000000e+01  1.10878663e-01 
 8.71000000e+01  1.10745714e-01 
 8.72000000e+01  1.10613064e-01 
 8.73000000e+01  1.10480710e-01 
 8.74000000e+01  1.10348652e-01 
 8.75000000e+01  1.10216890e-01 
 8.76000000e+01  1.10085422e-01 
 8.77000000e+01  1.09954248e-01 
 8.78000000e+01  1.09823367e-01 
 8.79000000e+01  1.09692777e-01 
 8.80000000e+01  1.09562478e-01 
 8.81000000e+01  1.09432469e-01 
 8.82000000e+01  1.09302749e-01 
 8.83000000e+01  1.09173317e-01 
 8.84000000e+01  1.09044172e-01 
 8.85000000e+01  1.08915314e-01 
 8.86000000e+01  1.08786741e-01 
 8.87000000e+01  1.08658452e-01 
 8.88000000e+01  1.08530448e-01 
 8.89000000e+01  1.08402726e-01 
 8.90000000e+01  1.08275286e-01 
 8.91000000e+01  1.08148127e-01 
 8.92000000e+01  1.08021248e-01 
 8.93000000e+01  1.07894648e-01 
 8.94000000e+01  1.07768326e-01 
 8.95000000e+01  1.07642282e-01 
 8.96000000e+01  1.07516514e-01 
 8.97000000e+01  1.07391022e-01 
 8.98000000e+01  1.07265804e-01 
 8.99000000e+01  1.07140861e-01 
 9.00000000e+01  1.07016190e-01 
 9.01000000e+01  1.06891791e-01 
 9.02000000e+01  1.06767663e-01 
 9.03000000e+01  1.06643805e-01 
 9.04000000e+01  1.06520217e-01 
 9.05000000e+01  1.06396897e-01 
 9.06000000e+01  1.06273845e-01 
 9.07000000e+01  1.06151060e-01 
 9.08000000e+01  1.06028540e-01 
 9.09000000e+01  1.05906285e-01 
 9.10000000e+01  1.05784294e-01 
 9.11000000e+01  1.05662566e-01 
 9.12000000e+01  1.05541101e-01 
 9.13000000e+01  1.05419897e-01 
 9.14000000e+01  1.05298953e-01 
 9.15000000e+01  1.05178269e-01 
 9.16000000e+01  1.05057844e-01 
 9.17000000e+01  1.04937677e-01 
 9.18000000e+01  1.04817766e-01 
 9.19000000e+01  1.04698112e-01 
 9.20000000e+01  1.04578714e-01 
 9.21000000e+01  1.04459569e-01 
 9.22000000e+01  1.04340679e-01 
 9.23000000e+01  1.04222041e-01 
 9.24000000e+01  1.04103654e-01 
 9.25000000e+01  1.03985519e-01 
 9.26000000e+01  1.03867634e-01 
 9.27000000e+01  1.03749999e-01 
 9.28000000e+01  1.03632611e-01 
 9.29000000e+01  1.03515472e-01 
 9.30000000e+01  1.03398579e-01 
 9.31000000e+01  1.03281932e-01 
 9.32000000e+01  1.03165531e-01 
 9.33000000e+01  1.03049373e-01 
 9.34000000e+01  1.02933459e-01 
 9.35000000e+01  1.02817788e-01 
 9.36000000e+01  1.02702358e-01 
 9.37000000e+01  1.02587170e-01 
 9.38000000e+01  1.02472221e-01 
 9.39000000e+01  1.02357512e-01 
 9.40000000e+01  1.02243041e-01 
 9.41000000e+01  1.02128808e-01 
 9.42000000e+01  1.02014812e-01 
 9.43000000e+01  1.01901052e-01 
 9.44000000e+01  1.01787527e-01 
 9.45000000e+01  1.01674237e-01 
 9.46000000e+01  1.01561180e-01 
 9.47000000e+01  1.01448356e-01 
 9.48000000e+01  1.01335764e-01 
 9.49000000e+01  1.01223404e-01 
 9.50000000e+01  1.01111274e-01 
 9.51000000e+01  1.00999373e-01 
 9.52000000e+01  1.00887702e-01 
 9.53000000e+01  1.00776258e-01 
 9.54000000e+01  1.00665042e-01 
 9.55000000e+01  1.00554053e-01 
 9.56000000e+01  1.00443289e-01 
 9.57000000e+01  1.00332750e-01 
 9.58000000e+01  1.00222435e-01 
 9.59000000e+01  1.00112344e-01 
 9.60000000e+01  1.00002476e-01 
 9.61000000e+01  9.98928292e-02 
 9.62000000e+01  9.97834039e-02 
 9.63000000e+01  9.96741990e-02 
 9.64000000e+01  9.95652138e-02 
 9.65000000e+01  9.94564475e-02 
 9.66000000e+01  9.93478993e-02 
 9.67000000e+01  9.92395686e-02 
 9.68000000e+01  9.91314545e-02 
 9.69000000e+01  9.90235564e-02 
 9.70000000e+01  9.89158735e-02 
 9.71000000e+01  9.88084051e-02 
 9.72000000e+01  9.87011504e-02 
 9.73000000e+01  9.85941087e-02 
 9.74000000e+01  9.84872793e-02 
 9.75000000e+01  9.83806615e-02 
 9.76000000e+01  9.82742545e-02 
 9.77000000e+01  9.81680577e-02 
 9.78000000e+01  9.80620703e-02 
 9.79000000e+01  9.79562915e-02 
 9.80000000e+01  9.78507208e-02 
 9.81000000e+01  9.77453573e-02 
 9.82000000e+01  9.76402005e-02 
 9.83000000e+01  9.75352495e-02 
 9.84000000e+01  9.74305037e-02 
 9.85000000e+01  9.73259624e-02 
 9.86000000e+01  9.72216250e-02 
 9.87000000e+01  9.71174906e-02 
 9.88000000e+01  9.70135587e-02 
 9.89000000e+01  9.69098285e-02 
 9.90000000e+01  9.68062994e-02 
 9.91000000e+01  9.67029706e-02 
 9.92000000e+01  9.65998416e-02 
 9.93000000e+01  9.64969117e-02 
 9.94000000e+01  9.63941801e-02 
 9.95000000e+01  9.62916462e-02 
 9.96000000e+01  9.61893093e-02 
 9.97000000e+01  9.60871688e-02 
 9.98000000e+01  9.59852241e-02 
 9.99000000e+01  9.58834744e-02 
